1, 0 1 1 10 1a 1 10;
2, 26000 2 1 10 2vox 1 10 2click 1 10 1 0 1000 1a 0 15000;
3, 46000;
4, 54000;
5, 62000;
6, 70000;
7, 74000;
8, 76000;
9, 81000;
10, 91000;
11, 96000;
12, 99000;
13, 101000;
14, 102000;
15, 113000;
16, 119000;
17, 123000;
18, 131000;
19, 135000;
20, 137000;
21, 139000;
22, 143000;
23, 155000;
24, 159000;
25, 161000;
26, 163000;
27, 188000;
28, 217683;
29, 246951;
30, 305366;
31, 323049;
32, 342561;
33, 0 2 0 2000 2vox 0 10 2click 0 10 3 1 10;
34, 39024 3 0 25000 4 1 10 4click 1 10;
35, 87805;
36, 117216;
37, 165561;
38, 0 5 1 10;
39, 37078 6 1 10 6vox 1 10 6click 1 10 5 0 10000 4 0 4000 4click 0 10;
40, 53258;
41, 82921;
42, 101797;
43, 109887;
44, 115281;
45, 117977;
46, 120674;
47, 123370;
48, 126067;
49, 131460;
50, 142247;
51, 147640;
52, 198876;
53, 198876 reset-seek 6195 7 1 10 7vox 1 10 7click 1 10;
54, 42784;
55, 72395;
56, 85252;
57, 88798;
58, 91096;
59, 95771;
60, 98109;
61, 105707;
62, 133758;
63, 151291;
64, 182849;
65, 217329;
66, 241000;
67, 241000 reset-seek 23780 7 0 500 7vox 0 500 7click 0 10 8 1 10 8vox 1 10 8click 1 10;
68, 64450;
69, 78221;
70, 101827;
71, 111663;
72, 121390;
73, 133303;
74, 142647;
75, 166254;
76, 185926;
77, 191827;
78, 195762;
79, 199696;
80, 205598;
81, 209532;
82, 215434;
83, 225160;
84, 250000 reset-seek 1000 0 9 1 10;
85, 0 8 0 1000 8click 0 10 8vox 0 1000 9 0 1000 10 1 10;
86, 0 10 0 10 6 0 1000 6vox 0 1000 6click 0 10;
