3, 108500;
4, 130500;
5, 138500;
6, 146500;
7, 154500;
8, 158500;
9, 160500;
10, 162500;
11, 170000;
12, 172500;
13, 174500;
14, 176000;
15, 178000;
16, 188000;
17, 194000;
18, 196000;
19, 201000;
20, 203500;
21, 208000;
22, 209500;
23, 211000;
24, 223000;
25, 227000;
26, 229000;
27, 232000;
28, 243707;
29, 284683;
30, 306634;
31, 366146;
32, 379317;
33, 391024;
35, 498073;
36, 546366;
37, 578097;
38, 626785;
40, 704788;
41, 720968;
42, 750631;
43, 769507;
44, 777597;
45, 782990;
46, 785687;
47, 788384;
48, 791080;
49, 793777;
50, 799170;
51, 809957;
52, 815350;
53, 866586;
54, 872782;
55, 909760;
56, 938981;
57, 951253;
58, 955344;
59, 957682;
60, 962357;
61, 964695;
62, 972292;
63, 1000344;
64, 1017877;
65, 1049435;
66, 1083916;
67, 1107586;
68, 1131257;
69, 1171926;
70, 1185697;
71, 1209303;
72, 1219139;
73, 1229959;
74, 1240287;
75, 1249631;
76, 1273238;
77, 1292910;
78, 1296844;
79, 1301762;
80, 1305697;
81, 1309631;
82, 1313566;
83, 1317500;
84, 1325369;